margin_laser[0] = 0.55880;
  margin_laser[5] = 0.56193;
  margin_laser[10] = 0.56953;
  margin_laser[15] = 0.58163;
  margin_laser[20] = 0.59917;
  margin_laser[25] = 0.62229;
  margin_laser[30] = 0.56040;
  margin_laser[35] = 0.49207;
  margin_laser[40] = 0.44073;
  margin_laser[45] = 0.40190;
  margin_laser[50] = 0.37247;
  margin_laser[55] = 0.34912;
  margin_laser[60] = 0.33122;
  margin_laser[65] = 0.31709;
  margin_laser[70] = 0.30655;
  margin_laser[75] = 0.29873;
  margin_laser[80] = 0.29358;
  margin_laser[85] = 0.29070;
  margin_laser[90] = 0.29010;
  margin_laser[95] = 0.29170;
  margin_laser[100] = 0.29562;
  margin_laser[105] = 0.30188;
  margin_laser[110] = 0.31096;
  margin_laser[115] = 0.31017;
  margin_laser[120] = 0.26386;
  margin_laser[125] = 0.23164;
  margin_laser[130] = 0.20743;
  margin_laser[135] = 0.18912;
  margin_laser[140] = 0.17525;
  margin_laser[145] = 0.16425;
  margin_laser[150] = 0.15581;
  margin_laser[155] = 0.14915;
  margin_laser[160] = 0.14418;
  margin_laser[165] = 0.14049;
  margin_laser[170] = 0.13806;
  margin_laser[175] = 0.13670;
  margin_laser[180] = 0.13641;
  margin_laser[185] = 0.13715;
  margin_laser[190] = 0.13898;
  margin_laser[195] = 0.14192;
  margin_laser[200] = 0.14617;
  margin_laser[205] = 0.15179;
  margin_laser[210] = 0.15924;
  margin_laser[215] = 0.16863;
  margin_laser[220] = 0.18088;
  margin_laser[225] = 0.19669;
  margin_laser[230] = 0.21694;
  margin_laser[235] = 0.24445;
  margin_laser[240] = 0.28163;
  margin_laser[245] = 0.31727;
  margin_laser[250] = 0.30667;
  margin_laser[255] = 0.29880;
  margin_laser[260] = 0.29361;
  margin_laser[265] = 0.29069;
  margin_laser[269] = 0.29005;
  margin_laser[270] = 0.29005;
  // 20241028
  margin_laser[275] = 0.29150 ;
  margin_laser[280] = 0.29538 ;
  margin_laser[285] = 0.30159 ;
  margin_laser[290] = 0.31062 ;
  margin_laser[295] = 0.32253 ;
  margin_laser[300] = 0.33832 ;
  margin_laser[305] = 0.35824 ;
  
  margin_laser[310] = 0.38422;
  margin_laser[315] = 0.41775;
  margin_laser[320] = 0.46069;
  margin_laser[325] = 0.51899;
  // 20241028
  margin_laser[330] = 0.59777 ;
  margin_laser[335] = 0.61123 ;
  margin_laser[340] = 0.59078 ;
  margin_laser[345] = 0.57557 ;
  margin_laser[350] = 0.56553 ;
  margin_laser[355] = 0.55987 ;
  margin_laser[360] = 0.55849 ;
